3333333333333333333333333333
3333333333333333333333333333
3333333333333333333333333333
3333333333333333333333333333
3333333333333333333333333333
3333333033333333333333333333
3333331303333333333333333333
3333310330333333333333333333
3333302133000133333333333333
3333302033220200133333333333
3333302012332023301333333333
3333302012233320123033300333
3333002011223333302303033033
3330013201222333320230333033
3301023201222233332120330333
3010123201122223333020322033
0110123310122223333020220303
0201123310112223333020203003
0201123320112222333000210003
0301123321011222221001110010
0301112331011122210011111110
0210111232101111100012000013
3021011113220110000111210333
3302100000000000001112103333
