3333333333333333333333333333
3333333333333333333333333333
3333333333333333333333333333
3333333333333333333333333333
3333333333333333333333333333
3333333333333333333333333333
3333333333333333333333333333
3333333333333100001233333333
3333333333330122222103333333
3333333333301233222210333333
3333333333312333222210033333
3333333333122332222220033333
3333333333022322222221133333
3333333333022222222222003333
3333330303022222222222110333
3333030003022222222221223133
3333303220022222222011022033
3333303220112222221000112033
3333302210110222210331001033
3333301110120211103332010333
3333330111221221013322003333
3333333012202222122221033333
3333333022212222222110333333
3333330222022222111110333333
