33333333333332000133333333333333333333
33333333333012333220333333333333333333
33333333330233333221033333333333333333
33333333302233332222103333333333333333
33333333322223322222211333333333333333
33333333023022223022210333333333333333
33333333023022223022221133333333333333
33333333020022220022221033333333333333
33333333120122220122221033333333333333
33333330222222222222221123333333333333
33333330222000002222221103333333333333
33333330220321110222221103333233333333
33333330220111110222211103332333332333
33333330222000002222211103333332333333
33333330222222222222111100332323333333
33223330122222222221111101032332333333
33333330112121212111111103013003213333
33223330111212111111111100101010300013
33330300111111111111110101113230020230
33320101000111011100100001000300000333
33200000010010101000001010000100203002
01000001001000010100000000010032100220
33330000000001003002020100001033200030
23300013000200010000102000301300020302
03210301001330000100000203003313030233
30000000330000300020003223013203203333
33332300003020033233031332323000333333
33333033030333230100230023333222333333
33333333333323300023333232333233333333
