333330000003003333333333333333333
333301021100320033333333333333333
333300211032222103333333333333333
333002110222110033333333333333333
330021100000000333333333333333333
330011000111111033333333333333333
333000030001111103333333333333333
333000101000111110033333333333333
330320010000111111100333333333333
303221000300111111111000000033333
330011033301121111111022221000333
330300333011211111110000000222033
330333333310211111102222222111203
330333333330211111101222221000103
330233333333021111110000000222020
333033333333021111101222222210103
333033333333301111022222210001033
333023232333330011011100000000333
333302032033333200000011100033333
333302032203333220011111110033333
333330103220022220111111110333333
333333020002200002011111100333333
333333302333322222201111003333333
333300120233333332220000033333333
300022222001333322200000033333333
033000121110000000002222103333333
000013300003330020022210130333333
333030033333303303310133300333333
333003333333030033033333333333333
