3333333333333310000013333333
3333333333333023322220333333
3333333333330233332222033333
3333333333302223322222303333
3333333333312222222223113333
3333333333122222222230321333
3333333333022222221220020333
3333333333022222210221020333
3333333333022222101222220333
3333333333122222222202221333
3333333333310012222221013333
3333333331000000122222103333
3333333302203202210121033333
3333333021023220212010333333
3333330010022110001000033333
3333313002201102320000103333
3333301023200023332001230333
3333120233210233322201233133
3333020332110222222101123033
3333020221110222221100111133
3333020111110122211100001333
3333020111110111111100333333
3333111011100111111000333333
3333300100011011110003333333
