3333333333133333333333333
3333333331213333333333333
3333333330303333333333333
3333333322322333333333333
3333332103320123333333333
3333312213221221133333333
3333123332112222213333333
3331233333232222221333333
3322331133333230122133333
3313310033333310022133333
3223300133333300122113333
3133333310013322222103333
3133331033210122221103333
3133313333210012221103333
3133302332110002221113333
3313311111100012211133333
3313220111000122211033333
3331222100001222210333333
3333122222222222103333333
3333302222222211033333333
3333310011111110333333333
3333133310000003333333033
3333133322211001333333033
3333133222213000333330203
3333222222220000333321213
3333302222221101333303220
3333300022220000333313220
3333312310001100133320021
3333330332211010011000003
3333331222211100000001110
3333333122221010000010111
3333333310012111101110113
3333333331122211112211133
3333333333112221022113333
3333333333331111111133333
