33333333333333333333333333333333333333333333333333333333333333333333333333333333333333333333333333333333333333333333333333333333
33333333333333333333333333333333333333333333333333333333333333333333333333333333333333333333333333333333333333333333333333333333
33333333333333333333333333333333333333333333333333333333333333333333333333333333333333333333333333333333333333333333333333333333
33333333333333333333333333333333333333333333333333333333333333333333333333333333333333333333333333333333333333333333333333333333
33333333333333333333333333333333333333333333333333333333333333333333333333333333333333333333333333333333333333333333333333333333
33333333333333333333333333333333333333333333333333333333333333333333333333333333333333333333333333333333333333333333333333333333
33333333333333333333333333333333333333333333333333333333333333333333333333333333333333333333333333333333333333333333333333333333
33333333333333333333333333333333333333333333333333333333333333333333333333333333333333333333333333333333333333333333333333333333
33333333333333333333333333333333333333333333333333333333333333333333333333333333333333333333333333333333333333333333333333333333
33333333333333333333333333333333333333333333333333333333333333333333333333333333333333333333333333333333333333333333333333333333
33333333333333333333333333333333333333333333333333333333333333333333333333333333333333333333333333333333333333333333333333333333
33300333333333333333333333333333333333333333333333333333333333333333333333333333333333333333333333333333333333333333333333333333
33300333333333333333333333333333333333333333333333333333333333333333333333333333333333333333333333333333333333333333333333333333
33300333300303000333333300000000000000000000000000000000000033333333333333333333333333333333333333333333333333333333333333333333
33300333300303030333333022222222222222222222222222222222222203333333333333333333333333333333333333333333333333333333333333333333
33300333300003000333333022222222222222222222222222222222222203333333333333333333333333333333333333333333333333333333333333333333
33300333300303033333333300000000000000000000000000000000000033333333333333333333333333333333333333333333333333333333333333333333
33300333333333333333333333333333333333333333333333333333333333333333333333333333333333333333333333333333333333333333333333333333
33300333333333333333333333333333333333333333333333333333333333333333333333333333333333333333333333333333333333333333333333333333
33300333333333333333333333333333333333333333333333333333333333333333333333333333333333333333333333333333333333333333333333333333
33300333333333333333333333333333333333333333333333333333333300333333333333333333333333333333333333333333333333333333333333333333
33300333333333333333333333333333333333333333333333333333333300003333333333333333333333333333333333333333333333333333333333333333
33300000000000000000000000000000000000000000000000000000000000000033333333333333333333333333333333333333333333333333333333333333
33330000000000000000000000000000000000000000000000000000000000000000333333333333333333333333333333333333333333333333333333333333
33333333333333333333333333333333333333333333333333333333333333333333333333333333333333333333333333333333333333333333333333333333
33333333333333333333333333333333333333333333333333333333333333333333333333333333333333333333333333333333333333333333333333333333
33333333333333333333333333333333333333333333333333333333333333333333333333333333333333333333333333333333333333333333333333333333
33333333333333333333333333333333333333333333333333333333333333333333333333333333333333333333333333333333333333333333333333333333
33333333333333333333333333333333333333333333333333333333333333333333333333333333333333333333333333333333333333333333333333333333
33333333333333333333333333333333333333333333333333333333333333333333333333333333333333333333333333333333333333333333333333333333
33333333333333333333333333333333333333333333333333333333333333333333333333333333333333333333333333333333333333333333333333333333
33333333333333333333333333333333333333333333333333333333333333333333333333333333333333333333333333333333333333333333333333333333
33333333333333333333333333333333333333333333333333333333333333333333333333333333333333333333333333333333333333333333333333333333
33333333333333333333333333333333333333333333333333333333333333333333333333333333333333333333333333333333333333333333333333333333
33333333333333333333333333333333333333333333333333333333333333333333333333333333333333333333333333333333333333333333333333333333
33333333333333333333333333333333333333333333333333333333333333333333333333333333333333333333333333333333333333333333333333333333
33333333333333333333333333333333333333333333333333333333333333333333333333333333333333333333333333333333333333333333333333333333
33333333333333333333333333333333333333333333333333333333333333333333333333333333333333333333333333333333333333333333333333333333
33333333333333333333333333333333333333333333333333333333333333333333333333333333333333333333333333333333333333333333333333333333
33333333333333333333333333333333333333333333333333333333333333333333333333333333333333333333333333333333333333333333333333333333
33333333333333333333333333333333333333333333333333333333333333333333333333333333333333333333333333333333333333333333333333333333
33333333333333333333333333333333333333333333333333333333333333333333333333333333333333333333333333333333333333333333333333333333
33333333333333333333333333333333333333333333333333333333333333333333333333333333333333333333333333333333333333333333333333333333
33333333333333333333333333333333333333333333333333333333333333333333333333333333333333333333333333333333333333333333333333333333
33333333333333333333333333333333333333333333333333333333333333333333333333333333333333333333333333333333333333333333333333333333
33333333333333333333333333333333333333333333333333333333333333333333333333333333333333333333333333333333333333333333333333333333
33333333333333333333333333333333333333333333333333333333333333333333333333333333333333333333333333333333333333333333333333333333
33333333333333333333333333333333333333333333333333333333333333333333333333333333333333333333333333333333333333333333333333333333
33333333333333333333333333333333333333333333333333333333333333333333333333333333333333333333333333333333333333333333333333333333
33333333333333333333333333333333333333333333333333333333333333333333333333333333333333333333333333333333333333333333333333333333
33333333333333333333333333333333333333333333333333333333333333333333333333333333333333333333333333333333333333333333333333333333
33333333333333333333333333333333333333333333333333333333333333333333333333333333333333333333333333333333333333333333333333333333
33333333333333333333333333333333333333333333333333333333333333333333333333333333333333333333333333333333333333333333333333333333
33333333333333333333333333333333333333333333333333333333333333333333333333333333333333333333333333333333333333333333333333003333
33333333333333333333333333333333333333333333333333333333333333333333333333333333333333333333333333333333333333333333333333003333
33333333333333333333333333333333333333333333333333333333333333333333003030003333333000000000000000000000000000000000000333003333
33333333333333333333333333333333333333333333333333333333333333333333003030303333330111111111111111111111111111111111111033003333
33333333333333333333333333333333333333333333333333333333333333333333000030003333330111111111111111111111111111111111111033003333
33333333333333333333333333333333333333333333333333333333333333333333003030333333333000000000000000000000000000000000000333003333
33333333333333333333333333333333333333333333333333333333333333333333333333333333333333333333333333333333333333333333333333003333
33333333333333333333333333333333333333333333333333333333333333333333333333333333333333333333333333333333333333333333333333003333
33333333333333333333333333333333333333333333333333333333333333333333333333333333333333333333333333333333333333333333333333003333
33333333333333333333333333333333333333333333333333333333333333333333333333333333333333333333333333333333333333333333333333003333
33333333333333333333333333333333333333333333333333333333333333333300333333333333333333333333333333333333333333333333333333003333
33333333333333333333333333333333333333333333333333333333333333330000333333333333333333333333333333333333333333333333333333003333
33333333333333333333333333333333333333333333333333333333333333000000000000000000000000000000000000000000000000000000000000003333
33333333333333333333333333333333333333333333333333333333333300000000000000000000000000000000000000000000000000000000000000033333
33333333333333333333333333333333333333333333333333333333333333333333333333333333333333333333333333333333333333333333333333333333
33333333333333333333333333333333333333333333333333333333333333333333333333333333333333333333333333333333333333333333333333333333
33333333333333333333333333333333333333333333333333333333333333333333333333333333333333333333333333333333333333333333333333333333
33333333333333333333333333333333333333333333333333333333333333333333333333333333333333333333333333333333333333333333333333333333
33333333333333333333333333333333333333333333333333333333333333333333333333333333333333333333333333333333333333333333333333333333
33333333333333333333333333333333333333333333333333333333333333333333333333333333333333333333333333333333333333333333333333333333
33333333333333333333333333333333333333333333333333333333333333333333333333333333333333333333333333333333333333333333333333333333
33300333333333333333333333333333333333333333333333333333333333333333333333333333333333333333333333333333333333333333333333300333
33030030000000000000000000000000000000000000000000000000000000000000000000000000000000000000000000000000000000000000000003030033
30000000000000000000000000000000000000000000000000000000000000000000000000000000000000000000000000000000000000000000000000000003
30333303333333333333333333333333333333333333333333333333333333333333333333333333333333333333333333333333333333333333333330333303
33033030000000000000000000000000000000000000000000000000000000000000000000000000000000000000000000000000000000000000000003033033
33300303333333333333333333333333333333333333333333333333333333333333333333333333333333333333333333333333333333333333333330300333
33303033333333333333333333333333333333333333333333333333333333333333333333333333333333333333333333333333333333333333333333030333
33030333333333333333333333333333333333333333333333333333333333333333333333333333333333333333333333333333333333333333333333303033
33030333333333333333333333333333333333333333333333333333333333333333333333333333333333333333333333333333333333333333333333303033
33030333333333333333333333333333333333333333333333333333333333333333333333333333333333333333333333333333333333333333333333303033
33030333333333333333333300000300000330003033030333300003333333333333333333333333333333333333333333333333333333333333333333303033
33030333333333333333333333033303330303333030330333303333333333333333333333333333333333333333333333333333333333333333333333303033
33030333333333333333333333033300000303333003330333300033333333333333333333333333333333333333333333333333333333333333333333303033
33030333333333333333333333033303330303333030330333303333333333333333333333333333333333333333333333333333333333333333333333303033
33030333333333333333333333033303330330003033030000300003333333333333333333333333333333333333333333333333333333333333333333303033
33030333333333333333333333333333333333333333333333333333333333333333333333333333333333333333333333333333333333333333333333303033
33030333333333333333333333333333333333333333333333333333333333333333333333333333333333333333333333333333333333333333333333303033
33030333333333333333333333333333333333333333333333333333333333333333333333333333333333333333333333333333333333333333333333303033
33030333333333333333333333333333333333333333333333333333333333333333333333333333333333333333333333333333333333333333333333303033
33030333333333333333333333333333333333333333333333333333333333333333333333333333333333333333333333333333333333333333333333303033
33030333333333333333333333333333333333333333333333333333333333333333333333333333333333333333333333333333333333333333333333303033
33030333333333333333333330333300003000030003333333333333333333333333333333333333333333333333333333333333333333333333333333303033
33030333333333333333333330333303333033330330333333333333333333333333333333333333333333333333333333333333333333333333333333303033
33030333333333333333333330333300033000330003333333333333333333333333333333333333333333333333333333333333333333333333333333303033
33030333333333333333333330333303333033330330333333333333333333333333333333333333333333333333333333333333333333333333333333303033
33030333333333333333333330000300003000030330333333333333333333333333333333333333333333333333333333333333333333333333333333303033
33030333333333333333333333333333333333333333333333333333333333333333333333333333333333333333333333333333333333333333333333303033
33030333333333333333333333333333333333333333333333333333333333333333333333333333333333333333333333333333333333333333333333303033
33030333333333333333333333333333333333333333333333333333333333333333333333333333333333333333333333333333333333333333333333303033
33030333333333333333333333333333333333333333333333333333333333333333333333333333333333333333333333333333333333333333333333303033
33303033333333333333333333333333333333333333333333333333333333333333333333333333333333333333333333333333333333333333333333030033
33300303333333333333333333333333333333333333333333333333333333333333333333333333333333333333333333333333333333333333333330300333
33030030000000000000000000000000000000000000000000000000000000000000000000000000000000000000000000000000000000000000000003030033
30000003333333333333333333333333333333333333333333333333333333333333333333333333333333333333333333333333333333333333333330000003
30333303000000000000000000000000000000000000000000000000000000000000000000000000000000000000000000000000000000000000000030333303
33033030000000000000000000000000000000000000000000000000000000000000000000000000000000000000000000000000000000000000000003033033
33300333333333333333333333333333333333333333333333333333333333333333333333333333333333333333333333333333333333333333333333300333
33333333333333333333333333333333333333333333333333333333333333333333333333333333333333333333333333333333333333333333333333333333
