22222222222222222222222222222222222222222222222222222222222222222222222222222222222222222222222222222222222222222222222222222222
22222222222222222222222222222222222222222222222222222222222222222222222222222222222222222222222222222222222222222222222222222222
22222222222222222222222222222222222222222222222222222222222222222220222222222222222222222222222222222222222222222222222222222222
22222222222222222222222222222222222222222222222222222222222222222200022222222222222222222222222222222222222222222222222222222222
22222222222222222222222222222222222222222222222222222222222222222011022222222222222222222222222222222222222222222222222222222222
22222222222222222222222222222222222222222222222222222222222222220122002222222222222222222222222222222222222222222222222222222222
22222222222222222222222222222222222222222222222222222222222222201221022222222222222222222222222222222222222222222222222222222222
22222222222222222222222222222222222222222222222222200222222222001100222222222200000222222222222222222222222222222222222222222222
22222222222222222222222222220000000022222222222000000100022221000002222200000001111022222222222222222222222222222222222222222222
22222222222222222222222222000112211002222222200001220001100111000000022101221002221022222200002222222222222222222222222222222222
22222222222222222222222200112222222210022222201222220012210010011111001102222002221022222200110002222222222222222222222222222222
22222222222222222222220012222222222221002222100002220022221001221222200002222112221022222101222210200000222222222222222222222222
22222222222222222222200222222222222222102221100002220122221012210012210002222112222022221100122210001110022222222222222222222222
22222222222222222222110022222222000122202211111001222222210022100022100012222222222002200000122220012221022222222222222222222222
22222222222222222222110012222222100012202100000001222222100022101121001012222222222000011100122220012220222222222222222222222222
22222222222222222222111001122222210002200011110001222221000122112210000012222222222101222221012221012220222222222222222222222222
22222222222222222222111000012222222002100122221000222210010122222101210012222222222002022222012221022210222222222222222222222222
22222222222222222222211100002222222012001201222110122221100022222222222002222221221022022222102222122200222222222222222222222222
22222222222222222222221111001222221120012101222220022222221012222222210012211220220122000022102222222202222222222222222222222222
22222222222222222222222111101222222200122100001221021122222100122221000022200210110122100122102222222102222222222222222222222222
22222222222222222222222211100222222000122210012221021001222210000000000122200100110122222222012122222022222222222222222222222222
22222222222222222222222221110122221000122221122110121000012222110000100222200000110022222221022022221022222222222222222222222222
22222222222222222222222222110022221000022222222110221011000122220011100000101000111001222110121022221022222222222222222222222222
22222222222222222222222222110012222001012222221000221011110001220011111000001000112100000001221022220222222222222222222222222222
22222222222222222222222222211002222001000122100000221011111100000112111111111110112210000001221022220222222222222222222222222222
22222222222222222222222222211001222100100000000110100022111110000122111111111110000000011100110022210222222222222222222222222222
22222222222222222222222222221100222100111000111110000122211111111122222211222211000000011100000022202222222222222222222222222222
22222222222222222222222222221110122200111111111111111222222111112222222222222211111111221111100022102222222222222222222222222222
22222222222222222222222222221110022000111111121111112222222221112222222222222211111112222111110001102222222222222222222222222222
22222222222222222222222222222110000011222222222111222222222222222222222222222222222222222211111100022222222222222222222222222222
22222222222222222222222222222111001112222222222222222222222222222222222222222222222222222222211111122222222222222222222222222222
22222222222222222222222222222111001112222222222222222222222222222222222222222222222222222222221111222222222222222222222222222222
22222222222222222222222222222211111112222222222222222222222222222222222222222222222222222222222222222222222222222222222222222222
22222222222222222222222222222221111222222222222222222222222222222222222222222222222222222222222222222222222222222222222222222222
22222222222222222222222222222222222222222222222222222222222222222222222222222222222222222222222222222222222222222222222222222222
22222222222222222222222222222222222222222222222222222222222222222222222222222222222222222222222222222222222222222222222222222222
22222222222222222222222222222222222222222222222222222222222222222222222222222222222222222222222222222222222222222222222222222222
22222222222222222222222222222022202200220220200022200020000220002222000020002200020002000220022022202222222222222222222222222222
22222222222222222222222222222002202022020220202202022220222202222222022220220220222022202202202002202222222222222222222222222222
22222222222222222222222222222020202022220220200022200220002220022222000220220220222022202202202020202222222222222222222222222222
22222222222222222222222222222022002022020220202202222020222222202222022220220220222022202202202022002222222222222222222222222222
22222222222222222222222222222022202200222002202202000220000200022222000020002200022022000220022022202222222222222222222222222222
22222222222222222222222222222222222222222222222222222222222222222222222222222222222222222222222222222222222222222222222222222222
22222222222222222222222222222222222222222222222222222222222222222222222222222222222222222222222222222222222222222222222222222222
22222222222222222222222222222222222222222222222222222222222222222222222222222222222222222222222222222222222222222222222222222222
22222222222222222222222222222222222222222222222222222222222222222222222222222222222222222222222222222222222222222222222222222222
22222222222222222222222222222222222222222222222222222222222222222222222222222222222222222222222222222222222222222222222222222222
22222222222222222222222222222222222222222222222222222222222222222222222222222222222222222222222222222222222222222222222222222222
22222222222222222222222222222222222222222222222222222222222222222222222222222222222222222222222222222222222222222222222222222222
22222222222222222222222222222222222222222222222222222222222222222222222222222222222222222222222222222222222222222222222222222222
22222222222222222222222222222222222222222222222222222222222222222222222222222222222222222222222222222222222222222222222222222222
22222222222222222222222222222222222222222222222222222222222222222222222222222222222222222222222222222222222222222222222222222222
22222222222222222222222222222222222222222222222222222222222222222222222222222222222222222222222222222222222222222222222222222222
22222222222222222222222222222222222222222222222222222222222222222222222222222222222222222222222222222222222222222222222222222222
22222222222222222222222222222002002200022022202000022222000220002220002202220202220200022222222222222222222222222222222222222222
22222222222222222222222222222020202022202022202022222220222020220202220202220200220202202222222222222222222222222222222222222222
22222222222222222222222222222022202022202022202000222220000020002202220202220202020202202222222222222222222222222222222222222222
22222222222222222222222222222022202022202202022022222220222020220202220202220202200202202222222222222222222222222222222222222222
22222222222222222222222222222022202200022220222000022220222020220220002200000202220200022222222222222222222222222222222222222222
22222222222222222222222222222222222222222222222222222222222222222222222222222222222222222222222222222222222222222222222222222222
22222222222222222222222222222222222222222222222222222222222222222222222222222222222222222222222222222222222222222222222222222222
22222222222222222222222222222222222222222222222222222222222222222222222222222222222222222222222222222222222222222222222222222222
22222222222222222222222222222222222222222222222222222222222222222222222222222222222222222222222222222222222222222222222222222222
22222222222222222222222222222022202200020202220220002222220002200022000222000220222022220220200002022202200022222222222222222222
22222222222222222222222222222022202022222200220202222222202220202202022020222020222022220202202222022202022222222222222222222222
22222222222222222222222222222022202200220202020202200222200000200022000220222020222022220022200022202022200222222222222222222222
22222222222222222222222222222022202222020202200202220222202220202202022020222020202022220202202222220222222022222222222222222222
22222222222222222222222222222000002000220202220220002222202220202202022022000222020222220220200002220222000222222222222222222222
22222222222222222222222222222222222222222222222222222222222222222222222222222222222222222222222222222222222222222222222222222222
22222222222222222222222222222222222222222222222222222222222222222222222222222222222222222222222222222222222222222222222222222222
22222222222222222222222222222222222222222222222222222222222222222222222222222222222222222222222222222222222222222222222222222222
22222222222222222222222222222222222222222222222222222222222222222222222222222222222222222222222222222222222222222222222222222222
22222222222222222222222222222222222222222222222222222222222222222222222222222222222222222222222222222222222222222222222222222222
22222222222222222222222222222222222222222222222222222222222222222222222222222222222222222222222222222222222222222222222222222222
22222222222222222222222222222222222222222222222222222222222222222222222222222222222222222222222222222222222222222222222222222222
22222222222222222222222222222222222222222222222222222222222222222222222222222222222222222222222222222222222222222222222222222222
22222222222222222222222222222222222222222222222222222222222222222222222222222222222222222222222222222222222222222222222222222222
22222222222222222222222222222222222222222222222222222222222222222222222222222222222222222222222222222222222222222222222222222222
22222222222222222222222222222222222222222222222222222222222222222222222222222222222222222222222222222222222222222222222222222222
22222222222222222222222222222000202220200000200002000222000222000200000222202220220002020222022000222222222222222222222222222222
22222222222222222222222222222202200220222022202222022020222020222222022222202220202222220022020222222222222222222222222222222222
22222222222222222222222222222202202020222022200022000220000020222222022222202220220022020202020220022222222222222222222222222222
22222222222222222222222222222202202200222022202222022020222020222222022222202220222202020220020222022222222222222222222222222222
22222222222222222222222222222000202220222022200002022020222022000222022222200000200022020222022000222222222222222222222222222222
22222222222222222222222222222222222222222222222222222222222222222222222222222222222222222222222222222222222222222222222222222222
22222222222222222222222222222222222222222222222222222222222222222222222222222222222222222222222222222222222222222222222222222222
22222222222222222222222222222222222222222222222222222222222222222222222222222222222222222222222222222222222222222222222222222222
22222222222222222222222222222222222222222222222222222222222222222222222222222222222222222222222222222222222222222222222222222222
22222222222222222222222222222000002022020000222200002022202000002000020002222202202000020222022222222222222222222222222222222222
22222222222222222222222222222220222022020222222202222002202220222022220220222202022022220222022222222222222222222222222222222222
22222222222222222222222222222220222000020002222200022020202220222000220002222200222000222020222222222222222222222222222222222222
22222222222222222222222222222220222022020222222202222022002220222022220220222202022022222202222222222222222222222222222222222222
22222222222222222222222222222220222022020000222200002022202220222000020220222202202000022202222222222222222222222222222222222222
22222222222222222222222222222222222222222222222222222222222222222222222222222222222222222222222222222222222222222222222222222222
22222222222222222222222222222222222222222222222222222222222222222222222222222222222222222222222222222222222222222222222222222222
22222222222222222222222222222222222222222222222222222222222222222222222222222222222222222222222222222222222222222222222222222222
22222222222222222222222222222222222222222222222222222222222222222222222222222222222222222222222222222222222222222222222222222222
22222222222222222222222222222222222222222222222222222222222222222222222222222222222222222222222222222222222222222222222222222222
22222222222222222222222222222222222222222222222222222222222222222222222222222222222222222222222222222222222222222222222222222222
22222222222222222222222222222222222222222222222222222222222222222222222222222222222222222222222222222222222222222222222222222222
22222222222222222222222222222222222222222222222222222222222222222222222222222222222222222222222222222222222222222222222222222222
22222222222222222222222222222222222222222222222222222222222222222222222222222222222222222222222222222222222222222222222222222222
22222222222222222222222222222222222222222222222222222222222222222222222222222222222222222222222222222222222222222222222222222222
22222222222222222222222222222222222222222222222222222222222222222222222222222222222222222222222222222222222222222222222222222222
22222222222222222222222222222222222222222222222222222222222222222222222222222222222222222222222222222222222222222222222222222222
22222222222222222222222222222222222222222222222222222222222222222222222222222222222222222222222222222222222222222222222222222222
22222222222222222222222222222222222222200022022022220222020000202220222000020000220022020222222222222222222222222222222222222222
22222222222222222222222222222222222222202202022022220020020222202220222022222220202202020222222222222222222222222222222222222222
22222222222222222222222222222222222222200022200022220202020002202220222000222202202202000222222222222222222222222222222222222222
22222222222222222222222222222222222222202202222022220222020222202220222022222022202202220222222222222222222222222222222222222222
22222222222222222222222222222222222222200022200222220222020000200020002000022022220022220222222222222222222222222222222222222222
22222222222222222222222222222222222222222222222222222222222222222222222222222222222222222222222222222222222222222222222222222222
