33333333333333333333333333333333333333333333333333333333333333333333333333333333333333333333333333333333333333333333333333333333
33333333333333333333333333333333333333333333333333333333333333333333333333333333333333333333333333333333333333333333333333333333
33333333333333333333333333333333333333333333333333333333333333333333333333333333333333333333333333333333333333333333333333333333
33333333333333333333333333333333333333333333333333333333333333333333333333333333333333333333333333333333333333333333333333333333
33333333333333333333333333333333333333333333333333333333333333333333333333333333333333333333333333333333333333333333333333333333
33333333333333333333333333333333333333333333333333333333333333333333333333333333333333333333333333333333333333333333333333333333
33333333333333333333333333333333333333333333333333333333333333333333333333333333333333333333333333333333333333333333333333333333
33333333333333333333333333333333333333333333333333333333333333333333333333333333333333333333333333333333333333333333333333333333
33333333333333333333333333333333333333333333333333333333333333333333333333333333333333333333333333333333333333333333333333333333
33333333333333333333333333333333333333333333333333333333333333333333333333333333333333333333333333333333333333333333333333333333
33333333333333333333333333333333333333333333333333333333333333333333333333333333333333333333333333333333333333333333333333333333
33333333333333333333333333333333333333333333333333333333333333333333333333333333333333333333333333333333333333333333333333333333
33333333333333333333333333333333333333333333333333333333333333333333333333333333333333333333333333333333333333333333333333333333
33333333333333333333333333333333333333333333333333333333333333333333333333333333333333333333333333333333333333333333333333333333
33333333333333333333333333333333333333333333333333333333333333333333333333333333333333333333333333333333333333333333333333333333
33333333333333333333333333333333333333333333333333333333333333333333333333333333333333333333333333333333333333333333333333333333
33333333333333333333333333333333333333333333333333333333333333333333333333333333333333333333333333333333333333333333333333333333
33333333333333333333333333333333333333333333333333333333333333333333333333333333333333333333333333333333333333333333333333333333
33333333333333333333333333333333333333333333333333333333333333333333333333333333333333333333333333333333333333333333333333333333
33333333333333333333333333333333333333333333333333333333333333333333333333333333333333333333333333333333333333333333333333333333
33333333333333333333333333333333333322222233333333333333333333333333333333333333333333333333333333333333333333333333333333333333
33333333333333333333333333333333332222222222333333333333333333333333333333333333333333333333333333333333333333333333333333333333
33333333333333333333333333333333322222222222233333333333333333333333333333333333333333333333333333333333333333333333333333333333
33333333333333333333333333333333222222222222223333333333333333333333333333333333333333333333333333333333333333333333333333333333
33333333333333333333333333333322222222222222222233333333333333333333333333333333333333333333333333333333333333333333333333333333
33333333333333333333333333333222222222222222222222333333333333333333333333333333333333333333333333333333333333333333333333333333
33333333333333333333333333332222222222222222222222233333333333333333333333333322223333333333333333333333333333333333333333333333
33333333333333333333333333322222222222222222222222223333333333333333333333322222222233333333333333333333333333333333333333333333
22223333333333333333333322222222222222222222222222222233333333333333333332222222222223333333333333333333333333333333333333333332
22222233333333333333332222222222222222222222222222222223333333333333332222222222222222333333333333333333333333333333333333333222
22222222333333333333322222222222222222222222222222222222233333333332222222222222222222223333333333333333333333333333333333322222
22222222223333333332222222222222222222222222222222222222222233332222222222222222222222222233333333333333333333333332223332222222
22222222222223333322222222222222222222222222222222222222222222222222222222222222222222222222233333333333333333333222222222222222
22222222222222222222222222222222222222222222222222222222222222222222212222222222222222222222222333333322223333322222212222222222
22222222222222222222222222222222222222222222222222222222222222222222212222222222222222222222222222322222222222222222212222222222
22222222222222222222222222222222222222222222222222222222222222222222112222222222222222222222222222222222222222222222112222222222
22222222222222222222222222222222222222222222222222222222222222222222111222222222222222222222222222222222222222222222111222222222
22222222222222222222222222222222222222222222222222222222222222222222111222222222222222222222222222222222222222222221111222222222
22222222222222222222222222222222222222222222222222222222222222222221111122222222222222222222222222222222222222222221111122222222
22222222222222222222222222222222222222222222222222222222222222222221111122222222222222222222222222222222222222222211111122222222
22222222222222222222222222222222222222222222222222222222222222222211111112222222222222222222222222222222222222222211111112222222
22222222222222222222222222222122222222222222222222222222222222222211111112222222222222222222222222222222222222222121111112222222
22222222222222222222222222222122222222222222222222222222222222222111111111222222222222222222222222222222222222222211111111222222
22222222222222222222222222222122222222222222222222222222222222222111111111122222222222222222222222222222222222222111111111122222
22222222222222222222222222222112222222222222222222222222222222222111111111112222222222222222222222222222222222222111111111112222
22222222222222222222222222222112222222222222222222222222222222222111111111111222222222222222222222222222222222221111111111111222
22222222222222222222222222222111222222222222222222222222222222122211111111111122222222222222222222222222222222221111111111111112
22222222222222222222222222221111222222222222222222222222222221222111111111112222222222222222222222222222222221111111111111111122
22222222222222222222222222221111122222222222222222222222222222111111111111112222222222222222222222222222222222111111111111112222
22222222222222222222222222221111122222222222222122222222222222211111111111111222222222222222222222222222222222211111111111112222
22222222222222222222222222211111112222222222222122222222222222212111111111111122222222222222222222222222222222211111111111111222
22222222222222222222222222211111111222222222222122222222222222222111111111111112222222222222222222222222222222221111111111111122
22222222222222222222222222211111111122222222222122222222222222221111111111111111122222222222222222222222222222221111111111111111
22222222222222222222222212111111111112222222222112222222222222221111111111111111222222222222222112222222222222221111111111111111
22222222222222222222222122111111111111222222221111222222222222211111111111111122222222222222222112222222222222211111111111111111
22222222222222222222221221111111111222222222221111122222222212211111111111111112222222222222222111222222222122211111111111111112
22222222222222222222222221111111111122222222111111111222222122211111111111111111222222222222221111122222221222111111111111111111
12222222222222222222221111111111111122222222212111222222221122111111111111111111122111002212221111112222222212111111111111111111
11222222222222222222211221111111111112222222222111222222222222111111111111111111111333330222222221111222222222111111111111111111
11112222222222222222222221111111111111222222221111122222222111111111111111111121033333333011222211222222222211111111111111111111
11122222222222222222222211111111111111122222221111112222222211111111111111111111333333333022221111122222222211111111111111111111
22222222222222222222222211111111111111112222211111111222222222111111111111111100333333333200221111112222222221111111111111111111
22222222222222222222222111111111111111222222111111111122222222111111111111111110333333322222011111111222222221111111111111111111
12222222222222222222222111111111111111112222211111111112222221111111111111111100033332222222202111111221222211111111111111111111
11222222222222222222221111111111111111112222221111111111222221111111111111111130032222222222022211121212222211111111111111111111
11122222222222222222121111111111111111112222221111112222222211111111111111111130002210222221021111122222222111111111111111111111
11111222222222221221211111111111111111112222221111112222222211111111111111111133000221001100121111112222222111111111111111111111
11111112222222221221111111111111111111112222221111111222222111111111111111111113020022220011111111111222222111111111111111111111
11112222222222211112211111111111111111222222211111112221222111111111111111111103130001111100011111112212221111111111111111111111
11111222222222211122222211111111111111122222111111122212222111111111111111111110222000000011100001122122221111111111111111111111
11111122222222111222122211111111111111112221111111222122221111111111111111111111100000001000111220221222221111111111111111111111
11211112222221112221222111111111111111112221111111111122221111111111111111111111111100011000022220212222211111111111111111111111
11122020222211122211211111111111111111111222111111111111111111111111101011111111111010000000001212012122211111111111111111111111
11110202020222111102111111111111111111110122111111111112101110101111020201011111110100000000001122201211011111111111111110111010
00002212202000101020111111111111111110102010110101111022020002020000221220200010000000210000000122101010201011010111101102000202
22222222222222020222000101000101011102022202002020000201222222222222222210001000000000001111000111100202220200202000020022222222
22222222222222222222222020222020200022222222222222222222222222222222210122110000000022100111000011102222222222222222222222222222
22222222222222222222222222222222222222222222222222222222222222222222120220000000000222220001111111102222222222222222222222222222
22222222222222222222222222222222222222212121222222222212122222222222200103300000022222220000011111102221222222222222212122222222
22222222222222222222222222222222222212121212121212122121212122222222220103220022222210000000000000021212122222222222121212122222
22222222222222222222222222122222222222222222222222222222222222222222222010220000221000000000000222222222222222222222222222222222
22222222222222212221222221121222222222222221222222222222222222222222222222000011020000000100000002222222222122222222222222222222
22122222222212211211212211121122222122122121122122222222121222222212222222000011020000000100001110212212212112212222222212122222
21121222212212111111111111111112121122121111112122122121121122212112122221000000000000001000011110112212111111212212212112112221
21121212212111111111111111111111111111111111111121121111111112112112121221202200000001101000000001111111111111112112111111111211
11121112111111111111111111111111111111111111111111111111111111111112111211101100000001110000110111111111111111111111111111111111
11111111111111111111111111111111111111111111111111111111111111111111100000032001000001010000001111111111111111111111111111111111
11111111111111111111111111111111111111111111111111111111111111111110000000022001000000100000001100000011033111111111111111111111
11111111111111111111111111111111111111111111111111111111111111111100002110320001100000100000010000000000223011111111111111111111
11111111111111111111111111111111111111111111111111111111111111111000221110020000000000000000000002222002220111111111111111111111
11111111111111111111111111111111111111111111111111111111111111111002113331200100000000000010000221111022201111111111111111111111
11111111111111111111111111111111111111111111111111111111111111110002133110201200000000022111002113310222001111111111111111111111
11111111111111111111111111111111111111111111111111111111111111110021221002021120000000022211002131102220000111111111111111111111
11111111111111111111111111111111111111111111111111111111111111110021210121011120002001202210021211022201100111111111111111111111
11111111111111111111111111111111111111111111111111111111111111110021210202012120000102200000000000112011200111111111111111111111
11111111111111111111111111111111111111111111111111111111111111110021110121013120011000000110002210110131200111111111111111111111
11111111111111111111111111111111111111111111111111111111111111110021111000133120011011100000000000001131200111111111111111111111
11111111111111111111111111111111111111111111111111111111111111110002111111331200011011101100002111111312000111111111111111111111
11111111111111111111111111111111111111111111111111111111111111111002111123311200111101011100002111122112001111111111111111111111
11111111111111111111111111111111111111111111111111111111111111111000221111122000111110011023300221111220001111111111111111111111
11111111111111111111111111111111111111111111111111111111111111111100002111200001111111100000000002222000011111111111111111111111
11111111111111111111111111111111111111111111111111111111111111111110000100001011111111111111110001001001111111111111111111111111
11111111111111111111111111111111111111111111111111111111111111111111101111011111111111111111111111111111111111111111111111111111
11111111111111111111111111111111111111111111111111111111111111111111111111111111111111111111111111111111111111111111111111111111
11111111111111111111111111111111111111111111111111111111111111111111111111111111111111111111111111111111111111111111111111111111
11111111111111111111111111111111111111111111111111111111111111111111111111111111111111111111111111111111111111111111111111111111
11111111111111111111111111111111111111111111111111111111111111111111111111111111111111111111111111111111111111111111111111111111
11111111111111111111111111111111111111111111111111111111111111111111111111111111111111111111111111111111111111111111111111111111
11111111111111111111111111111111111111111111111111111111111111111111111111111111111111111111111111111111111111111111111111111111
11111111111111111111111111111111111111111111111111111111111111111111111111111111111111111111111111111111111111111111111111111111
11111111111111111111111111111111111111111111111111111111111111111111111111111111111111111111111111111111111111111111111111111111
11111111111111111111111111111111111111111111111111111111111111111111111111111111111111111111111111111111111111111111111111111111
