330033333333333333333333333333333333333333333333333333333333333333333333333333333333333333333333333333333333333333333333330033
303003000000000000000000000000000000000000000000000000000000000000000000000000000000000000000000000000000000000000000000303003
000000000000000000000000000000000000000000000000000000000000000000000000000000000000000000000000000000000000000000000000000000
033330333333333333333333333333333333333333333333333333333333333333333333333333333333333333333333333333333333333333333333033330
303303000000000000000000000000000000000000000000000000000000000000000000000000000000000000000000000000000000000000000000303303
330030333333333333333333333333333333333333333333333333333333333333333333333333333333333333333333333333333333333333333333030033
330303333333333333333333333333333333333333333333333333333333333333333333333333333333333333333333333333333333333333333333303033
303033333333333333333333333333333333333333333333333333333333333333333333333333333333333333333333333333333333333333333333330303
303033333330333033003303303333300030330330033033030333000333333000333003333300000330033333333333333333333333333333333333330303
303033333330333030330303303333033330330303303033030333033033330333330330333333033303303333333333333333333333333333333333330303
303033333333030330330303303333300330000303303033030333033033330300030330333333033303303333333333333333333333333333333333330303
303033333333303330330303303333333030330303303033030333033033330333030330333333033303303333333333333333333333333333333333330303
303033333333303333003300003333000330330330033000030003000333333000333003333333033330033333333333333333333333333333333333330303
303033333333333333333333333333333333333333333333333333333333333333333333333333333333333333333333333333333333333333333333330303
303033333333333333333333333333333333333333333333333333333333333333333333333333333333333333333333333333333333333333333333330303
303033333333333333333333333333333333333333333333333333333333333333333333333333333333333333333333333333333333333333333333330303
303033333333333333333333333333333333333333333333333333333333333333333333333333333333333333333333333333333333333333333333330303
303033333330000300033300330000300003300033000330033000333333003330003303303333033333333333333333333333333333333333333333330303
303033333330330303303033030333303333033330333303303033033330330303330303033333033333333333333333333333333333333333333333330303
303033333330000300033033030003300033300333003303303000333330330300000300333333033333333333333333333333333333333333333333330303
303033333330333303303033030333303333333033330303303033033330330303330303033333333333333333333333333333333333333333333333330303
303033333330333303303300330333300003000330003330033033033333003303330303303333033333333333333333333333333333333333333333330303
303033333333333333333333333333333333333333333333333333333333333333333333333333333333333333333333333333333333333333333333330303
303033333333333333333333333333333333333333333333333333333333333333333333333333333333333333333333333333333333333333333333330303
303033333333333333333333333333333333333333333333333333333333333333333333333333333333333333333333333333333333333333333333330303
303033333333333333333333333333333333333333333333333333333333333333333333333333333333333333333333333333333333333333333333330303
303033333333333333333333333333333333333333333333333333333333333333333333333333333333333333333333333333333333333333333333330303
303033333333333333333333333333333333333333333333333333333333333333333333333333333333333333333333333333333333333333333333330303
303033333333333333333333333333333333333333333333333333333333333333333333333333333333333333333333333333333333333333333333330303
303033333333333333333333333333333333333333333333333333333333333333333333333333333333333333333333333333333333333333333333330303
330303333333333333333333333333333333333333333333333333333333333333333333333333333333333333333333333333333333333333333333303003
330030333333333333333333333333333333333333333333333333333333333333333333333333333333333333333333333333333333333333333333030033
303003000000000000000000000000000000000000000000000000000000000000000000000000000000000000000000000000000000000000000000303003
000000333333333333333333333333333333333333333333333333333333333333333333333333333333333333333333333333333333333333333333000000
033330300000000000000000000000000000000000000000000000000000000000000000000000000000000000000000000000000000000000000003033330
303303000000000000000000000000000000000000000000000000000000000000000000000000000000000000000000000000000000000000000000303303
330033333333333333333333333333333333333333333333333333333333333333333333333333333333333333333333333333333333333333333333330033
