330033333333333333333333333333333333333333333333333333333333333333333333333333333333333333333333333333333333333333333333330033
303003000000000000000000000000000000000000000000000000000000000000000000000000000000000000000000000000000000000000000000303003
000000000000000000000000000000000000000000000000000000000000000000000000000000000000000000000000000000000000000000000000000000
033330333333333333333333333333333333333333333333333333333333333333333333333333333333333333333333333333333333333333333333033330
303303000000000000000000000000000000000000000000000000000000000000000000000000000000000000000000000000000000000000000000303303
330030333333333333333333333333333333333333333333333333333333333333333333333333333333333333333333333333333333333333333333030033
330303333333333333333333333333333333333333333333333333333333333333333333333333333333333333333333333333333333333333333333303033
303033333333333333333333333333333333333333333333333333333333333333333333333333333333333333333333333333333333333333333333330303
303033333330333033000330333033333000330003300003333000330000300003000033000330000030000300033330333333333333333333333333330303
303033333330333030333030333033330333030330303333333033030333303333033330333033303330333303303330333333333333333333333333330303
303033333333030330333030333033330000030003300033333033030003300033000330000033303330003303303330333333333333333333333333330303
303033333333303330333030333033330333030330303333333033030333303333033330333033303330333303303333333333333333333333333333330303
303033333333303333000333000333330333030330300003333000330000303333000030333033303330000300033330333333333333333333333333330303
303033333333333333333333333333333333333333333333333333333333333333333333333333333333333333333333333333333333333333333333330303
303033333333333333333333333333333333333333333333333333333333333333333333333333333333333333333333333333333333333333333333330303
303033333333333333333333333333333333333333333333333333333333333333333333333333333333333333333333333333333333333333333333330303
303033333333333333333333333333333333333333333333333333333333333333333333333333333333333333333333333333333333333333333333330303
303033333333333333333333333333333333333333333333333333333333333333333333333333333333333333333333333333333333333333333333330303
303033333333333333333333333333333333333333333333333333333333333333333333333333333333333333333333333333333333333333333333330303
303033333333333333333333333333333333333333333333333333333333333333333333333333333333333333333333333333333333333333333333330303
303033333333333333333333333333333333333333333333333333333333333333333333333333333333333333333333333333333333333333333333330303
303033333333333333333333333333333333333333333333333333333333333333333333333333333333333333333333333333333333333333333333330303
303033333333333333333333333333333333333333333333333333333333333333333333333333333333333333333333333333333333333333333333330303
303033333333333333333333333333333333333333333333333333333333333333333333333333333333333333333333333333333333333333333333330303
303033333333333333333333333333333333333333333333333333333333333333333333333333333333333333333333333333333333333333333333330303
303033333333333333333333333333333333333333333333333333333333333333333333333333333333333333333333333333333333333333333333330303
303033333333333333333333333333333333333333333333333333333333333333333333333333333333333333333333333333333333333333333333330303
303033333333333333333333333333333333333333333333333333333333333333333333333333333333333333333333333333333333333333333333330303
303033333333333333333333333333333333333333333333333333333333333333333333333333333333333333333333333333333333333333333333330303
303033333333333333333333333333333333333333333333333333333333333333333333333333333333333333333333333333333333333333333333330303
330303333333333333333333333333333333333333333333333333333333333333333333333333333333333333333333333333333333333333333333303003
330030333333333333333333333333333333333333333333333333333333333333333333333333333333333333333333333333333333333333333333030033
303003000000000000000000000000000000000000000000000000000000000000000000000000000000000000000000000000000000000000000000303003
000000333333333333333333333333333333333333333333333333333333333333333333333333333333333333333333333333333333333333333333000000
033330300000000000000000000000000000000000000000000000000000000000000000000000000000000000000000000000000000000000000003033330
303303000000000000000000000000000000000000000000000000000000000000000000000000000000000000000000000000000000000000000000303303
330033333333333333333333333333333333333333333333333333333333333333333333333333333333333333333333333333333333333333333333330033
