22222222222222222222222222222222222222222222222222222222222222222222222222222222222222222222222222222222222222222222222222222222
22222222222222222222222222222222222222222222222222222222222222222222222222222222222222222222222222222222222222222222222222222222
22222222222222222222222222222222222222222222222222222222222222222220222222222222222222222222222222222222222222222222222222222222
22222222222222222222222222222222222222222222222222222222222222222200022222222222222222222222222222222222222222222222222222222222
22222222222222222222222222222222222222222222222222222222222222222011022222222222222222222222222222222222222222222222222222222222
22222222222222222222222222222222222222222222222222222222222222220122002222222222222222222222222222222222222222222222222222222222
22222222222222222222222222222222222222222222222222222222222222201221022222222222222222222222222222222222222222222222222222222222
22222222222222222222222222222222222222222222222222200222222222001100222222222200000222222222222222222222222222222222222222222222
22222222222222222222222222220000000022222222222000000100022221000002222200000001111022222222222222222222222222222222222222222222
22222222222222222222222222000112211002222222200001220001100111000000022101221002221022222200002222222222222222222222222222222222
22222222222222222222222200112222222210022222201222220012210010011111001102222002221022222200110002222222222222222222222222222222
22222222222222222222220012222222222221002222100002220022221001221222200002222112221022222101222210200000222222222222222222222222
22222222222222222222200222222222222222102221100002220122221012210012210002222112222022221100122210001110022222222222222222222222
22222222222222222222110022222222000122202211111001222222210022100022100012222222222002200000122220012221022222222222222222222222
22222222222222222222110012222222100012202100000001222222100022101121001012222222222000011100122220012220222222222222222222222222
22222222222222222222111001122222210002200011110001222221000122112210000012222222222101222221012221012220222222222222222222222222
22222222222222222222111000012222222002100122221000222210010122222101210012222222222002022222012221022210222222222222222222222222
22222222222222222222211100002222222012001201222110122221100022222222222002222221221022022222102222122200222222222222222222222222
22222222222222222222221111001222221120012101222220022222221012222222210012211220220122000022102222222202222222222222222222222222
22222222222222222222222111101222222200122100001221021122222100122221000022200210110122100122102222222102222222222222222222222222
22222222222222222222222211100222222000122210012221021001222210000000000122200100110122222222012122222022222222222222222222222222
22222222222222222222222221110122221000122221122110121000012222110000100222200000110022222221022022221022222222222222222222222222
22222222222222222222222222110022221000022222222110221011000122220011100000101000111001222110121022221022222222222222222222222222
22222222222222222222222222110012222001012222221000221011110001220011111000001000112100000001221022220222222222222222222222222222
22222222222222222222222222211002222001000122100000221011111100000112111111111110112210000001221022220222222222222222222222222222
22222222222222222222222222211001222100100000000110100022111110000122111111111110000000011100110022210222222222222222222222222222
22222222222222222222222222221100222100111000111110000122211111111122222211222211000000011100000022202222222222222222222222222222
22222222222222222222222222221110122200111111111111111222222111112222222222222211111111221111100022102222222222222222222222222222
22222222222222222222222222221110022000111111121111112222222221112222222222222211111112222111110001102222222222222222222222222222
22222222222222222222222222222110000011222222222111222222222222222222222222222222222222222211111100022222222222222222222222222222
22222222222222222222222222222111001112222222222222222222222222222222222222222222222222222222211111122222222222222222222222222222
22222222222222222222222222222111001112222222222222222222222222222222222222222222222222222222221111222222222222222222222222222222
22222222222222222222222222222211111112222222222222222222222222222222222222222222222222222222222222222222222222222222222222222222
22222222222222222222222222222221111222222222222222222222222222222222222222222222222222222222222222222222222222222222222222222222
22222222222222222222222222222222222222222222222222222222222222222222222222222222222222222222222222222222222222222222222222222222
22222222222222222222222222222222222222222222222222222222222222222222222222222222222222222222222222222222222222222222222222222222
22222222222222222222222222222222222222222222222222222222222222222222222222222222222222222222222222222222222222222222222222222222
22222222222222222222222222222022202200220220200022200020000220002222000020002200020002000220022022202222222222222222222222222222
22222222222222222222222222222002202022020220202202022220222202222222022220220220222022202202202002202222222222222222222222222222
22222222222222222222222222222020202022220220200022200220002220022222000220220220222022202202202020202222222222222222222222222222
22222222222222222222222222222022002022020220202202222020222222202222022220220220222022202202202022002222222222222222222222222222
22222222222222222222222222222022202200222002202202000220000200022222000020002200022022000220022022202222222222222222222222222222
22222222222222222222222222222222222222222222222222222222222222222222222222222222222222222222222222222222222222222222222222222222
22222222222222222222222222222222222222222222222222222222222222222222222222222222222222222222222222222222222222222222222222222222
22222222222222222222222222222222222222222222222222222222222222222222222222222222222222222222222222222222222222222222222222222222
22222222222222222222222222222222222222222222222222222222222222222222222222222222222222222222222222222222222222222222222222222222
22222222222222222222222222222222222222222222222222222222222222222222222222222222222222222222222222222222222222222222222222222222
22222222222222222222222222222222222222222222222222222222222222222222222222222222222222222222222222222222222222222222222222222222
22222222222222222222222222222222222222222222222222222222222222222222222222222222222222222222222222222222222222222222222222222222
22222222222222222222222222222222222222222222222222222222222222222222222222222222222222222222222222222222222222222222222222222222
22222222222222222222222222222222222222222222222222222222000200022000220002200022222222222222222222222222222222222222222222222222
22222222222222222222222222222222222222222222222222222220222220220222020220220222222222222222222222222222222222222222222222222222
22222222222222222222222222222222222222222222222222222222002220220000020002220222222222222222222222222222222222222222222222222222
22222222222222222222222222222222222222222222222222222222220220220222020220220222222222222222222222222222222222222222222222222222
22222222222222222222222222222222222222222222222222222220002220220222020220220222222222222222222222222222222222222222222222222222
22222222222222222222222222222222222222222222222222222222222222222222222222222222222222222222222222222222222222222222222222222222
22222222222222222222222222222222222222222222222222222222222222222222222222222222222222222222222222222222222222222222222222222222
22222222222222222222222222222222222222222222222222222222222222222222222222222222222222222222222222222222222222222222222222222222
22222222222222222222222222222222222222222222222222222222222222222222222222222222222222222222222222222222222222222222222222222222
22222222222222222222222222222222222222222222222222222222222222222222222222222222222222222222222222222222222222222222222222222222
22222222222222222222222222222222222222222222222222222222002200220222200220002222222222222222222222222222222222222222222222222222
22222222222222222222222222222222222222222222222222222220222022020222022020220222222222222222222222222222222222222222222222222222
22222222222222222222222222222222222222222222222222222220222022020222022020002222222222222222222222222222222222222222222222222222
22222222222222222222222222222222222222222222222222222220222022020222022020220222222222222222222222222222222222222222222222222222
22222222222222222222222222222222222222222222222222222222002200220002200220220222222222222222222222222222222222222222222222222222
22222222222222222222222222222222222222222222222222222222222222222222222222222222222222222222222222222222222222222222222222222222
22222222222222222222222222222222222222222222222222222222222222222222222222222222222222222222222222222222222222222222222222222222
22222222222222222222222222222222222222222222222222222222222222222222222222222222222222222222222222222222222222222222222222222222
22222222222222222222222222222222222222222222222222222222222222222222222222222222222222222222222222222222222222222222222222222222
22222222222222222222222222222222222222222222222222222222222222222222222222222222222222222222222222222222222222222222222222222222
22222222222222222222222222222222222222222222222222222222002200220220200020002220022022220002222222222222222222222222222222222222
22222222222222222222222222222222222222222222222222222220222022020020220220220202202022202222222222222222222222222222222222222222
22222222222222222222222222222222222222222222222222222220222022020200220220002202202022220022222222222222222222222222222222222222
22222222222222222222222222222222222222222222222222222220222022020220220220220202202022222202222222222222222222222222222222222222
22222222222222222222222222222222222222222222222222222222002200220220220220220220022000200022222222222222222222222222222222222222
22222222222222222222222222222222222222222222222222222222222222222222222222222222222222222222222222222222222222222222222222222222
22222222222222222222222222222222222222222222222222222222222222222222222222222222222222222222222222222222222222222222222222222222
22222222222222222222222222222222222222222222222222222222222222222222222222222222222222222222222222222222222222222222222222222222
22222222222222222222222222222222222222222222222222222222222222222222222222222222222222222222222222222222222222222222222222222222
22222222222222222222222222222222222222222222222222222222222222222222222222222222222222222222222222222222222222222222222222222222
22222222222222222222222222222222222222222222222222222220002020202000222222222222222222222222222222222222222222222222222222222222
22222222222222222222222222222222222222222222222222222220202020222202222222222222222222222222222222222222222222222222222222222222
22222222222222222222222222222222222222222222222222222220002020202202222222222222222222222222222222222222222222222222222222222222
22222222222222222222222222222222222222222222222222222222202020202202222222222222222222222222222222222222222222222222222222222222
22222222222222222222222222222222222222222222222222222222202000202202222222222222222222222222222222222222222222222222222222222222
22222222222222222222222222222222222222222222222222222222222222222222222222222222222222222222222222222222222222222222222222222222
22222222222222222222222222222222222222222222222222222222222222222222222222222222222222222222222222222222222222222222222222222222
22222222222222222222222222222222222222222222222222222222222222222222222222222222222222222222222222222222222222222222222222222222
22222222222222222222222222222222222222222222222222222222222222222222222222222222222222222222222222222222222222222222222222222222
22222222222222222222222222222222222222222222222222222222222222222222222222222222222222222222222222222222222222222222222222222222
22222222222222222222222222222222222222222222222222222222222222222222222222222222222222222222222222222222222222222222222222222222
22222222222222222222222222222222222222222222222222222222222222222222222222222222222222222222222222222222222222222222222222222222
22222222222222222222222222222222222222222222222222222222222222222222222222222222222222222222222222222222222222222222222222222222
22222222222222222222222222222222222222222222222222222222222222222222222222222222222222222222222222222222222222222222222222222222
22222222222222222222222222222222222222222222222222222222222222222222222222222222222222222222222222222222222222222222222222222222
22222222222222222222222222222222222222222222222222222222222222222222222222222222222222222222222222222222222222222222222222222222
22222222222222222222222222222222222222222222222222222222222222222222222222222222222222222222222222222222222222222222222222222222
22222222222222222222222222222222222222222222222222222222222222222222222222222222222222222222222222222222222222222222222222222222
22222222222222222222222222222222222222222222222222222222222222222222222222222222222222222222222222222222222222222222222222222222
22222222222222222222222222222222222222222222222222222222222222222222222222222222222222222222222222222222222222222222222222222222
22222222222222222222222222222222222222222222222222222222222222222222222222222222222222222222222222222222222222222222222222222222
22222222222222222222222222222222222222222222222222222222222222222222222222222222222222222222222222222222222222222222222222222222
22222222222222222222222222222222222222222222222222222222222222222222222222222222222222222222222222222222222222222222222222222222
22222222222222222222222222222222222222222222222222222222222222222222222222222222222222222222222222222222222222222222222222222222
22222222222222222222222222222222222222222222222222222222222222222222222222222222222222222222222222222222222222222222222222222222
22222222222222222222222222222222222222222222222222222222222222222222222222222222222222222222222222222222222222222222222222222222
22222222222222222222222222222222222222200022022022220222020000202220222000020000220022020222222222222222222222222222222222222222
22222222222222222222222222222222222222202202022022220020020222202220222022222220202202020222222222222222222222222222222222222222
22222222222222222222222222222222222222200022200022220202020002202220222000222202202202000222222222222222222222222222222222222222
22222222222222222222222222222222222222202202222022220222020222202220222022222022202202220222222222222222222222222222222222222222
22222222222222222222222222222222222222200022200222220222020000200020002000022022220022220222222222222222222222222222222222222222
22222222222222222222222222222222222222222222222222222222222222222222222222222222222222222222222222222222222222222222222222222222
