22222222222222222222222222222222222222222222222222222222222222222222222222222222222222222222222222222222222222222222222222222222
22222222222222222222222222222222222222222222222222222222222222222222222222222222222222222222222222222222222222222222222222222222
22222222222222222222222222222222222222222222222222222222222222222222222222222222222222222222222222222222222222222222222222222222
22222222222222222222222222222222222222222222222222222222222222222220222222222222222222222222222222222222222222222222222222222222
22222222222222222222222222222222222222222222222222222222222222222200022222222222222222222222222222222222222222222222222222222222
22222222222222222222222222222222222222222222222222222222222222222011022222222222222222222222222222222222222222222222222222222222
22222222222222222222222222222222222222222222222222222222222222220122002222222222222222222222222222222222222222222222222222222222
22222222222222222222222222222222222222222222222222222222222222201221022222222222222222222222222222222222222222222222222222222222
22222222222222222222222222222222222222222222222222200222222222001100222222222200000222222222222222222222222222222222222222222222
22222222222222222222222222220000000022222222222000000100022221000002222200000001111022222222222222222222222222222222222222222222
22222222222222222222222222000112211002222222200001220001100111000000022101221002221022222200002222222222222222222222222222222222
22222222222222222222222200112222222210022222201222220012210010011111001102222002221022222200110002222222222222222222222222222222
22222222222222222222220012222222222221002222100002220022221001221222200002222112221022222101222210200000222222222222222222222222
22222222222222222222200222222222222222102221100002220122221012210012210002222112222022221100122210001110022222222222222222222222
22222222222222222222110022222222000122202211111001222222210022100022100012222222222002200000122220012221022222222222222222222222
22222222222222222222110012222222100012202100000001222222100022101121001012222222222000011100122220012220222222222222222222222222
22222222222222222222111001122222210002200011110001222221000122112210000012222222222101222221012221012220222222222222222222222222
22222222222222222222111000012222222002100122221000222210010122222101210012222222222002022222012221022210222222222222222222222222
22222222222222222222211100002222222012001201222110122221100022222222222002222221221022022222102222122200222222222222222222222222
22222222222222222222221111001222221120012101222220022222221012222222210012211220220122000022102222222202222222222222222222222222
22222222222222222222222111101222222200122100001221021122222100122221000022200210110122100122102222222102222222222222222222222222
22222222222222222222222211100222222000122210012221021001222210000000000122200100110122222222012122222022222222222222222222222222
22222222222222222222222221110122221000122221122110121000012222110000100222200000110022222221022022221022222222222222222222222222
22222222222222222222222222110022221000022222222110221011000122220011100000101000111001222110121022221022222222222222222222222222
22222222222222222222222222110012222001012222221000221011110001220011111000001000112100000001221022220222222222222222222222222222
22222222222222222222222222211002222001000122100000221011111100000112111111111110112210000001221022220222222222222222222222222222
22222222222222222222222222211001222100100000000110100022111110000122111111111110000000011100110022210222222222222222222222222222
22222222222222222222222222221100222100111000111110000122211111111122222211222211000000011100000022202222222222222222222222222222
22222222222222222222222222221110122200111111111111111222222111112222222222222211111111221111100022102222222222222222222222222222
22222222222222222222222222221110022000111111121111112222222221112222222222222211111112222111110001102222222222222222222222222222
22222222222222222222222222222110000011222222222111222222222222222222222222222222222222222211111100022222222222222222222222222222
22222222222222222222222222222111001112222222222222222222222222222222222222222222222222222222211111122222222222222222222222222222
22222222222222222222222222222111001112222222222222222222222222222222222222222222222222222222221111222222222222222222222222222222
22222222222222222222222222222211111112222222222222222222222222222222222222222222222222222222222222222222222222222222222222222222
22222222222222222222222222222221111222222222222222222222222222222222222222222222222222222222222222222222222222222222222222222222
22222222222222222222222222222222222222222222222222222222222222222222222222222222222222222222222222222222222222222222222222222222
22222222222222222222222222222222222222022202022202200022222022202000020002220002000220022022202222222222222222222222222222222222
22222222222222222222222222222222222222022202022202022202222022202022220220202222202202202002202222222222222222222222222222222222
22222222222222222222222222222222222222022202202022000002222202022000220002220022202202202020202222222222222222222222222222222222
22222222222222222222222222222222222222022202202022022202222202022022220202222202202202202022002222222222222222222222222222222222
22222222222222222222222222222222222222200022220222022202222220222000020220200022000220022022202222222222222222222222222222222222
22222222222222222222222222222222222222222222222222222222222222222222222222222222222222222222222222222222222222222222222222222222
22222222222222222222222222222222222222222222222222222222222222222222222222222222222222222222222222222222222222222222222222222222
22222222222222222222222222222222222222222222222222222222222222222222222222222222222222222222222222222222222222222222222222222222
22222222222222222222222222222222222222222222222222222222222222222222222222222222222222222222222222222222222222222222222222222222
22222222222222222222222222222222222222222222222222222222222222222222222222222222222222222222222222222222222222222222222222222222
22222222222222222222222222222222222222222222222222222222222222222222222222222222222222222222222222222222222222222222222222222222
22222222222222222222222222222222222222222222222222222222222222222222222222222222222000222222222222222222222222222222222222222222
22222222222222222222222222222222222222222222222222222222222222222222222222222222000000002222222222222222222222222222222222222222
22222222222222222222222222222222222222222222222222222222222222222222222222222000111221110222222222222222222222222222222222222222
22222222222222222222222222222222222222222222222222222222222222222222222222220111222222111022222222222222222222222222222222222222
22222222222222222222222222222222222222222222222222222222222222222222222222201122222222111022222222222222222222222222222222222222
22222222222222222222222222222222222222222222222222222222222222222222222222202222222222211102222222222222222222222222222222222222
22222222222222222222222222222222222222222222222222222222222222222222222222202222221111111102222222222222222222222222222222222222
22222222222222222222222222222222222222222222222222222222222222222222222222200221111111111100222222222222222222222222222222222222
22222222222222222222222222222222222222222222222222222222222222222222222222220111111000000100222222222222222222222222222222222222
22222222222222222222222222222222222222222222222222222222222222222222222222220110000000000000222222222222222222222222222222222222
22222222222222222222222222222222222222222222222222222222222222222222222222201000000020210110022222222222222222222222222222222222
22222222222222222222222222222222222222222222222222222222222222222222222222200000112220222220222222222222222222222222222222222222
22222222222222222222222222222222222222222222222222222222222222222222222222222010112222222110222222222222222222222222222222222222
22222222222222222222222222222222222222222222222222222222222222222222222222222012221222221002222222222222222222222222222222222222
22222222222222222222222222222222222222222222222222222222222222222222222222222011122112220222222222222222222222222222222222222222
22222222222222222222222222222222222222222222222222222222222222222222222222222200001112100222222222222222222222222222222222222222
22222222222222222222222222222222222222222222222222222222222222222222222222222201110001011022222222222222222222222222222222222222
22222222222222222222222222222222222222222222222222222222222222220002222222222012221001022102222222222222222222222222222222222222
22222222222222222222222222222002222222222222222222222222222222202220222222222012221001022100222222222222222222222222222222222222
22222222222222222222222222220110200000220002222222222222222222022022022222200001222012102002022222222222222222222222222222222222
22222222222222222222222222201111022222001220222222222222222222000200022222202210112000000211202222222222222222222222222222222222
22222222222222222222222222201102222222212222022222222222220222011011022222012221000100002221102222222222222222222222222222222222
22222222222222222222222222200222222222221120222222222222020222001102222220122211120000012221202222222222222222222222222222222222
22222222222222222222222222220222222112212220222222222222020220110000022001112211210000001211202222222222222222222222222222222222
22222222222222222222222222202122221221212210222222222220120220111111000112111111110000001110120222222222222222222222222222222222
22222222222222222222222222202122212202121102222222022200110222000111000222100001111000000110110222222222222222222222222222222222
22222222222222222222222222201111212222122022222220202022001022222000000221000011111000000110110222222222222222222222222222222222
22222222222222222222222222022222112222122022222220220222221102222220000000220011111000000110120222222222222222222222222222222222
22222222222222222222222220222222221121222202222220210222221102200222222222222011111000001201122022222222222222222222222222222222
22222222222222222222222220222022222211222202222222022002210010011022222222222022222002100011122022222222222222222222222222222222
22222222222222222222222222002222222222122220222220222220001101110222222222222200000010000102010002222222222222222222222222222222
22222222222222222222222222020002222202122220222200222122221101002222222222222220011110011020100000222222222222222222222222222222
22222222222222222222222222012110020021222221022022022222111110222222222222222220011111011020200010222222222222222222222222222222
22222222222222222222222220221211102212222221020222200222111102222222222222222220011100111020111110022222222222222222222222222222
22222222222222222222222220222112221122222211102022222001110010222222222222222201111100111022010110222222222222222222222222222222
22222222222222222222222202220221112222222201102022222210001111022222222222222201111022011102200210222222222222222222222222222222
22222222222222222222222202220222222220222201110222210122211111002222222222222201111022011102222002222222222222222222222222222222
22222222222222222222222202102222222202222201110222120222211111010222222222222011111022011102222222222222222222222222222222222222
22222222222222222222222220202222222202222011111000022222111111002222222222222011110222011102222222222222222222222222222222222222
22222222222222222222222222010122222012222011011110200221111110222222222222222011110222201110222222222222222222222222222222222222
22222222222222222222222220110211111021220112201111002000111102222222222222220111102222201110222222222222222222222222222222222222
22222222222222222222222220110222222202101222201111110000010022222222222222220111102222201110222222222222222222222222222222222222
22222222222222222222222220111012222210012222220111000011002222222222222222220010012222200000222222222222222222222222222222222222
22222222222222222222222222011021111122122222220110011110222222222222222222220101102222201100222222222222222222222222222222222222
22222222222222222222222222001102222221022222220002200002222222222222222222220222202222202220222222222222222222222222222222222222
22222222222222222222222220200110111112022222202222222222222222222222222222200022002222200120022222222222222222222222222222222222
22222222222222222222222220022002002222002222002222222222222222222222222222200001102222200011002222222222222222222222222222222222
22222222222222222222222222000222220000200000102222222222222222222222222222200000002222200000002222222222222222222222222222222222
22222222222222222222222222222222222222202111202222222222222222222222222222220000222222222000022222222222222222222222222222222222
22222222222222222222222222222222222222220222022222222222222222222222222222222222222222222222222222222222222222222222222222222222
22222222222222222222222222222222222222222000222222222222222222222222222222222222222222222222222222222222222222222222222222222222
22222222222222222222222222222222222222222222222222222222222222222222222222222222222222222222222222222222222222222222222222222222
22222222222222222222222222222222222222220002002200220022002222000202202020222202020020202222222222222222222222222222222222222222
22222222222222222222222222222222222222220202020202202220222222020200202020222202020220202222222222222222222222222222222222222222
22222222222222222222222222222222222222220002002200220222022222000202002202222200220022022222222222222222222222222222222222222222
22222222222222222222222222222222222222220222020202222022202222020202202202222202020222022222222222222222222222222222222222222222
22222222222222222222222222222222222222220222020200200220022222020202202202222202020022022222222222222222222222222222222222222222
22222222222222222222222222222222222222222222222222222222222222222222222222222222222222222222222222222222222222222222222222222222
22222222222222222222222222222222222222222222222222222222222222222222222222222222222222222222222222222222222222222222222222222222
22222222222222222222222222222222222222222222202202000220022220222020220022002000200022222222222222222222222222222222222222222222
22222222222222222222222222222222222222222222202022020202222220222022202220222022202202222222222222222222222222222222222222222222
22222222222222222222222222222222222222222222200222000220222222020220220222022000200022222222222222222222222222222222222222222222
22222222222222222222222222222222222222222222202022020222022222020220222022202022202202222222222222222222222222222222222222222222
22222222222222222222222222222222222222222222202202020200222222202220200220022000202202222222222222222222222222222222222222222222
2222222222222222222222222222222222222222222222222222222222222222222222222222222222222222222222222222222222222222222222222222222
