30003
03330
00000
03330
03330
03330
33333
30003
03330
00003
03330
03330
00003
33333
30003
03330
03333
03333
03330
30003
33333
00003
03330
03330
03330
03330
00003
33333
00000
03333
00003
03333
03333
00000
33333
00000
03333
00003
03333
03333
03333
33333
30000
03333
03000
03330
03330
30003
33333
03330
03330
00000
03330
03330
03330
33333
00000
33033
33033
33033
33033
00000
33333
33330
33330
33330
33330
03330
30003
33333
03330
03303
03033
00303
03330
03330
33333
03333
03333
03333
03333
03333
00000
33333
03330
00300
03030
03330
03330
03330
33333
03330
00330
03030
03300
03330
03330
33333
30003
03330
03330
03330
03330
30003
33333
00003
03330
03330
00003
03333
03333
33333
30003
03330
03330
03030
03303
30030
33333
00003
03330
00003
03330
03330
03330
33333
30000
03333
30003
33330
33330
00003
33333
00000
33033
33033
33033
33033
33033
33333
03330
03330
03330
03330
03330
30003
33333
03330
03330
03330
30303
30303
33033
33333
03330
03330
03030
03030
03030
30303
33333
03330
30303
33033
30303
03330
03330
33333
03330
30303
33033
33033
33033
33033
33333
00000
33303
33033
30333
03333
00000
33333
33033
33033
33033
33033
33333
33033
33333
30003
03330
33303
33033
33333
33033
33333
33333
33333
33333
33333
33333
03333
