330033333333333333333333333333333333333333333333333333333333333333333333333333333333333333333333333333333333333333333333330033
303003000000000000000000000000000000000000000000000000000000000000000000000000000000000000000000000000000000000000000000303003
000000000000000000000000000000000000000000000000000000000000000000000000000000000000000000000000000000000000000000000000000000
033330333333333333333333333333333333333333333333333333333333333333333333333333333333333333333333333333333333333333333333033330
303303000000000000000000000000000000000000000000000000000000000000000000000000000000000000000000000000000000000000000000303303
330030333333333333333333333333333333333333333333333333333333333333333333333333333333333333333333333333333333333333333333030033
330303333333333333333333333333333333333333333333333333333333333333333333333333333333333333333333333333333333333333333333303033
303033333333333333333333333333333333333333333333333333333333333333333333333333333333333333333333333333333333333333333333330303
303033333330000303330300003033303033303333033303300030000300033333033330000300003000333303333333333333333333333333333333330303
303033333330333300330303333003003033303333033303033330333303303333033330333303333033033303333333333333333333333333333333330303
303033333330003303030300033030303303033333033303300330003303303333033330003300033000333303333333333333333333333333333333330303
303033333330333303300303333033303330333333033303333030333303303333033330333303333033033333333333333333333333333333333333330303
303033333330000303330300003033303330333333300033000330000300033333000030000300003033033303333333333333333333333333333333330303
303033333333333333333333333333333333333333333333333333333333333333333333333333333333333333333333333333333333333333333333330303
303033333333333333333333333333333333333333333333333333333333333333333333333333333333333333333333333333333333333333333333330303
303033333333333333333333333333333333333333333333333333333333333333333333333333333333333333333333333333333333333333333333330303
303033333333333333333333333333333333333333333333333333333333333333333333333333333333333333333333333333333333333333333333330303
303033333333333333333333333333333333333333333333333333333333333333333333333333333333333333333333333333333333333333333333330303
303033333333333333333333333333333333333333333333333333333333333333333333333333333333333333333333333333333333333333333333330303
303033333333333333333333333333333333333333333333333333333333333333333333333333333333333333333333333333333333333333333333330303
303033333333333333333333333333333333333333333333333333333333333333333333333333333333333333333333333333333333333333333333330303
303033333333333333333333333333333333333333333333333333333333333333333333333333333333333333333333333333333333333333333333330303
303033333333333333333333333333333333333333333333333333333333333333333333333333333333333333333333333333333333333333333333330303
303033333333333333333333333333333333333333333333333333333333333333333333333333333333333333333333333333333333333333333333330303
303033333333333333333333333333333333333333333333333333333333333333333333333333333333333333333333333333333333333333333333330303
303033333333333333333333333333333333333333333333333333333333333333333333333333333333333333333333333333333333333333333333330303
303033333333333333333333333333333333333333333333333333333333333333333333333333333333333333333333333333333333333333333333330303
303033333333333333333333333333333333333333333333333333333333333333333333333333333333333333333333333333333333333333333333330303
303033333333333333333333333333333333333333333333333333333333333333333333333333333333333333333333333333333333333333333333330303
303033333333333333333333333333333333333333333333333333333333333333333333333333333333333333333333333333333333333333333333330303
330303333333333333333333333333333333333333333333333333333333333333333333333333333333333333333333333333333333333333333333303003
330030333333333333333333333333333333333333333333333333333333333333333333333333333333333333333333333333333333333333333333030033
303003000000000000000000000000000000000000000000000000000000000000000000000000000000000000000000000000000000000000000000303003
000000333333333333333333333333333333333333333333333333333333333333333333333333333333333333333333333333333333333333333333000000
033330300000000000000000000000000000000000000000000000000000000000000000000000000000000000000000000000000000000000000003033330
303303000000000000000000000000000000000000000000000000000000000000000000000000000000000000000000000000000000000000000000303303
330033333333333333333333333333333333333333333333333333333333333333333333333333333333333333333333333333333333333333333333330033
