330033333333333333333333333333333333333333333333333333333333333333333333333333333333333333333333333333333333333333333333330033
303003000000000000000000000000000000000000000000000000000000000000000000000000000000000000000000000000000000000000000000303003
000000000000000000000000000000000000000000000000000000000000000000000000000000000000000000000000000000000000000000000000000000
033330333333333333333333333333333333333333333333333333333333333333333333333333333333333333333333333333333333333333333333033330
303303000000000000000000000000000000000000000000000000000000000000000000000000000000000000000000000000000000000000000000303303
330030333333333333333333333333333333333333333333333333333333333333333333333333333333333333333333333333333333333333333333030033
330303333333333333333333333333333333333333333333333333333333333333333333333333333333333333333333333333333333333333333333303033
303033333333333333333333333333333333333333333333333333333333333333333333333333333333333333333333333333333333333333333333330303
303033333330333033000330333033330333033000300003000333330000030000033000303303033330000333033333333333333333333333333333330303
303033333330333030333030333033330333030333303333033033333303330333030333303033033330333333033333333333333333333333333333330303
303033333333030330333030333033330333033003300033033033333303330000030333300333033330003333033333333333333333333333333333330303
303033333333303330333030333033330333033330303333033033333303330333030333303033033330333333333333333333333333333333333333330303
303033333333303333000333000333333000330003300003000333333303330333033000303303000030000333033333333333333333333333333333330303
303033333333333333333333333333333333333333333333333333333333333333333333333333333333333333333333333333333333333333333333330303
303033333333333333333333333333333333333333333333333333333333333333333333333333333333333333333333333333333333333333333333330303
303033333333333333333333333333333333333333333333333333333333333333333333333333333333333333333333333333333333333333333333330303
303033333333333333333333333333333333333333333333333333333333333333333333333333333333333333333333333333333333333333333333330303
303033333333333333333333333333333333333333333333333333333333333333333333333333333333333333333333333333333333333333333333330303
303033333333333333333333333333333333333333333333333333333333333333333333333333333333333333333333333333333333333333333333330303
303033333333333333333333333333333333333333333333333333333333333333333333333333333333333333333333333333333333333333333333330303
303033333333333333333333333333333333333333333333333333333333333333333333333333333333333333333333333333333333333333333333330303
303033333333333333333333333333333333333333333333333333333333333333333333333333333333333333333333333333333333333333333333330303
303033333333333333333333333333333333333333333333333333333333333333333333333333333333333333333333333333333333333333333333330303
303033333333333333333333333333333333333333333333333333333333333333333333333333333333333333333333333333333333333333333333330303
303033333333333333333333333333333333333333333333333333333333333333333333333333333333333333333333333333333333333333333333330303
303033333333333333333333333333333333333333333333333333333333333333333333333333333333333333333333333333333333333333333333330303
303033333333333333333333333333333333333333333333333333333333333333333333333333333333333333333333333333333333333333333333330303
303033333333333333333333333333333333333333333333333333333333333333333333333333333333333333333333333333333333333333333333330303
303033333333333333333333333333333333333333333333333333333333333333333333333333333333333333333333333333333333333333333333330303
303033333333333333333333333333333333333333333333333333333333333333333333333333333333333333333333333333333333333333333333330303
330303333333333333333333333333333333333333333333333333333333333333333333333333333333333333333333333333333333333333333333303003
330030333333333333333333333333333333333333333333333333333333333333333333333333333333333333333333333333333333333333333333030033
303003000000000000000000000000000000000000000000000000000000000000000000000000000000000000000000000000000000000000000000303003
000000333333333333333333333333333333333333333333333333333333333333333333333333333333333333333333333333333333333333333333000000
033330300000000000000000000000000000000000000000000000000000000000000000000000000000000000000000000000000000000000000003033330
303303000000000000000000000000000000000000000000000000000000000000000000000000000000000000000000000000000000000000000000303303
330033333333333333333333333333333333333333333333333333333333333333333333333333333333333333333333333333333333333333333333330033
